group1,group2,1neighbor,2neighbor,3neighbor,4neighbor,5neighbor,6neighbor,7neighbor,target1
1,0,"[1.43, 208.98, 7.29, 10, 4.34]","[1.49, 58.693, 7.64, 8, 5.35]","[1.49, 58.693, 7.64, 8, 5.35]","[1.49, 58.693, 7.64, 8, 5.35]","[1.77, 195.08, 9.02, 9, 5.64]","[1.49, 58.693, 7.64, 8, 5.35]","[1.77, 195.08, 9.02, 9, 5.64]",-4.459824475397573
1,0,"[1.43, 208.98, 7.29, 10, 4.34]","[1.49, 58.693, 7.64, 8, 5.35]","[1.49, 58.693, 7.64, 8, 5.35]","[1.49, 58.693, 7.64, 8, 5.35]","[1.77, 195.08, 9.02, 9, 5.64]","[1.49, 58.693, 7.64, 8, 5.35]","[1.49, 58.693, 7.64, 8, 5.35]",-4.155687694523572
1,0,"[1.43, 208.98, 7.29, 10, 4.34]","[1.49, 58.693, 7.64, 8, 5.35]","[1.49, 58.693, 7.64, 8, 5.35]","[1.49, 58.693, 7.64, 8, 5.35]","[1.49, 58.693, 7.64, 8, 5.35]","[1.77, 195.08, 9.02, 9, 5.64]","[1.77, 195.08, 9.02, 9, 5.64]",-4.707504178781894
1,0,"[1.43, 208.98, 7.29, 10, 4.34]","[1.49, 58.693, 7.64, 8, 5.35]","[1.49, 58.693, 7.64, 8, 5.35]","[1.49, 58.693, 7.64, 8, 5.35]","[1.49, 58.693, 7.64, 8, 5.35]","[1.77, 195.08, 9.02, 9, 5.64]","[1.49, 58.693, 7.64, 8, 5.35]",-4.350608984028204
1,0,"[1.43, 208.98, 7.29, 10, 4.34]","[1.49, 58.693, 7.64, 8, 5.35]","[1.49, 58.693, 7.64, 8, 5.35]","[1.77, 195.08, 9.02, 9, 5.64]","[1.77, 195.08, 9.02, 9, 5.64]","[1.77, 195.08, 9.02, 9, 5.64]","[1.77, 195.08, 9.02, 9, 5.64]",-4.597841637105143
1,0,"[1.43, 208.98, 7.29, 10, 4.34]","[1.49, 58.693, 7.64, 8, 5.35]","[1.49, 58.693, 7.64, 8, 5.35]","[1.77, 195.08, 9.02, 9, 5.64]","[1.77, 195.08, 9.02, 9, 5.64]","[1.77, 195.08, 9.02, 9, 5.64]","[1.49, 58.693, 7.64, 8, 5.35]",-4.39189107201412
1,0,"[1.43, 208.98, 7.29, 10, 4.34]","[1.49, 58.693, 7.64, 8, 5.35]","[1.49, 58.693, 7.64, 8, 5.35]","[1.77, 195.08, 9.02, 9, 5.64]","[1.49, 58.693, 7.64, 8, 5.35]","[1.49, 58.693, 7.64, 8, 5.35]","[1.77, 195.08, 9.02, 9, 5.64]",-4.221999773784987
1,0,"[1.43, 208.98, 7.29, 10, 4.34]","[1.49, 58.693, 7.64, 8, 5.35]","[1.49, 58.693, 7.64, 8, 5.35]","[1.77, 195.08, 9.02, 9, 5.64]","[1.49, 58.693, 7.64, 8, 5.35]","[1.49, 58.693, 7.64, 8, 5.35]","[1.49, 58.693, 7.64, 8, 5.35]",-4.025358283608902
1,0,"[1.43, 208.98, 7.29, 10, 4.34]","[1.49, 58.693, 7.64, 8, 5.35]","[1.49, 58.693, 7.64, 8, 5.35]","[1.49, 58.693, 7.64, 8, 5.35]","[1.77, 195.08, 9.02, 9, 5.64]","[1.77, 195.08, 9.02, 9, 5.64]","[1.77, 195.08, 9.02, 9, 5.64]",-4.7600819132815495
1,0,"[1.43, 208.98, 7.29, 10, 4.34]","[1.49, 58.693, 7.64, 8, 5.35]","[1.49, 58.693, 7.64, 8, 5.35]","[1.49, 58.693, 7.64, 8, 5.35]","[1.77, 195.08, 9.02, 9, 5.64]","[1.77, 195.08, 9.02, 9, 5.64]","[1.49, 58.693, 7.64, 8, 5.35]",-4.419042056295121
1,0,"[1.43, 208.98, 7.29, 10, 4.34]","[1.49, 58.693, 7.64, 8, 5.35]","[1.49, 58.693, 7.64, 8, 5.35]","[1.77, 195.08, 9.02, 9, 5.64]","[1.77, 195.08, 9.02, 9, 5.64]","[1.49, 58.693, 7.64, 8, 5.35]","[1.77, 195.08, 9.02, 9, 5.64]",-4.274101177192905
1,0,"[1.43, 208.98, 7.29, 10, 4.34]","[1.49, 58.693, 7.64, 8, 5.35]","[1.49, 58.693, 7.64, 8, 5.35]","[1.77, 195.08, 9.02, 9, 5.64]","[1.77, 195.08, 9.02, 9, 5.64]","[1.49, 58.693, 7.64, 8, 5.35]","[1.49, 58.693, 7.64, 8, 5.35]",-4.135172951328834
1,0,"[1.43, 208.98, 7.29, 10, 4.34]","[1.49, 58.693, 7.64, 8, 5.35]","[1.49, 58.693, 7.64, 8, 5.35]","[1.77, 195.08, 9.02, 9, 5.64]","[1.49, 58.693, 7.64, 8, 5.35]","[1.77, 195.08, 9.02, 9, 5.64]","[1.77, 195.08, 9.02, 9, 5.64]",-4.544524501047733
1,0,"[1.43, 208.98, 7.29, 10, 4.34]","[1.49, 58.693, 7.64, 8, 5.35]","[1.49, 58.693, 7.64, 8, 5.35]","[1.77, 195.08, 9.02, 9, 5.64]","[1.49, 58.693, 7.64, 8, 5.35]","[1.77, 195.08, 9.02, 9, 5.64]","[1.49, 58.693, 7.64, 8, 5.35]",-4.318779124202646
1,0,"[1.43, 208.98, 7.29, 10, 4.34]","[1.49, 58.693, 7.64, 8, 5.35]","[1.49, 58.693, 7.64, 8, 5.35]","[1.49, 58.693, 7.64, 8, 5.35]","[1.49, 58.693, 7.64, 8, 5.35]","[1.49, 58.693, 7.64, 8, 5.35]","[1.77, 195.08, 9.02, 9, 5.64]",-4.393618219939586
1,0,"[1.43, 208.98, 7.29, 10, 4.34]","[1.49, 58.693, 7.64, 8, 5.35]","[1.49, 58.693, 7.64, 8, 5.35]","[1.49, 58.693, 7.64, 8, 5.35]","[1.49, 58.693, 7.64, 8, 5.35]","[1.49, 58.693, 7.64, 8, 5.35]","[1.49, 58.693, 7.64, 8, 5.35]",-4.052998130630985
1,0,"[1.45, 118.71, 7.344, 10, 4.42]","[1.49, 58.693, 7.64, 8, 5.35]","[1.49, 58.693, 7.64, 8, 5.35]","[1.49, 58.693, 7.64, 8, 5.35]","[1.77, 195.08, 9.02, 9, 5.64]","[1.49, 58.693, 7.64, 8, 5.35]","[1.77, 195.08, 9.02, 9, 5.64]",-4.469863034257472
1,0,"[1.45, 118.71, 7.344, 10, 4.42]","[1.49, 58.693, 7.64, 8, 5.35]","[1.49, 58.693, 7.64, 8, 5.35]","[1.49, 58.693, 7.64, 8, 5.35]","[1.77, 195.08, 9.02, 9, 5.64]","[1.49, 58.693, 7.64, 8, 5.35]","[1.49, 58.693, 7.64, 8, 5.35]",-4.291687549744482
1,0,"[1.45, 118.71, 7.344, 10, 4.42]","[1.49, 58.693, 7.64, 8, 5.35]","[1.49, 58.693, 7.64, 8, 5.35]","[1.49, 58.693, 7.64, 8, 5.35]","[1.49, 58.693, 7.64, 8, 5.35]","[1.77, 195.08, 9.02, 9, 5.64]","[1.77, 195.08, 9.02, 9, 5.64]",-4.698000823243716
1,0,"[1.45, 118.71, 7.344, 10, 4.42]","[1.49, 58.693, 7.64, 8, 5.35]","[1.49, 58.693, 7.64, 8, 5.35]","[1.49, 58.693, 7.64, 8, 5.35]","[1.49, 58.693, 7.64, 8, 5.35]","[1.77, 195.08, 9.02, 9, 5.64]","[1.49, 58.693, 7.64, 8, 5.35]",-4.4310947212287175
1,0,"[1.45, 118.71, 7.344, 10, 4.42]","[1.49, 58.693, 7.64, 8, 5.35]","[1.49, 58.693, 7.64, 8, 5.35]","[1.77, 195.08, 9.02, 9, 5.64]","[1.77, 195.08, 9.02, 9, 5.64]","[1.77, 195.08, 9.02, 9, 5.64]","[1.77, 195.08, 9.02, 9, 5.64]",-4.593327956291363
1,0,"[1.45, 118.71, 7.344, 10, 4.42]","[1.49, 58.693, 7.64, 8, 5.35]","[1.49, 58.693, 7.64, 8, 5.35]","[1.77, 195.08, 9.02, 9, 5.64]","[1.77, 195.08, 9.02, 9, 5.64]","[1.77, 195.08, 9.02, 9, 5.64]","[1.49, 58.693, 7.64, 8, 5.35]",-4.475678906555257
1,0,"[1.45, 118.71, 7.344, 10, 4.42]","[1.49, 58.693, 7.64, 8, 5.35]","[1.49, 58.693, 7.64, 8, 5.35]","[1.77, 195.08, 9.02, 9, 5.64]","[1.49, 58.693, 7.64, 8, 5.35]","[1.49, 58.693, 7.64, 8, 5.35]","[1.77, 195.08, 9.02, 9, 5.64]",-4.2112807219902955
1,0,"[1.45, 118.71, 7.344, 10, 4.42]","[1.49, 58.693, 7.64, 8, 5.35]","[1.49, 58.693, 7.64, 8, 5.35]","[1.77, 195.08, 9.02, 9, 5.64]","[1.49, 58.693, 7.64, 8, 5.35]","[1.49, 58.693, 7.64, 8, 5.35]","[1.49, 58.693, 7.64, 8, 5.35]",-4.153933883213797
1,0,"[1.45, 118.71, 7.344, 10, 4.42]","[1.49, 58.693, 7.64, 8, 5.35]","[1.49, 58.693, 7.64, 8, 5.35]","[1.49, 58.693, 7.64, 8, 5.35]","[1.77, 195.08, 9.02, 9, 5.64]","[1.77, 195.08, 9.02, 9, 5.64]","[1.77, 195.08, 9.02, 9, 5.64]",-4.750578557743371
1,0,"[1.45, 118.71, 7.344, 10, 4.42]","[1.49, 58.693, 7.64, 8, 5.35]","[1.49, 58.693, 7.64, 8, 5.35]","[1.49, 58.693, 7.64, 8, 5.35]","[1.77, 195.08, 9.02, 9, 5.64]","[1.77, 195.08, 9.02, 9, 5.64]","[1.49, 58.693, 7.64, 8, 5.35]",-4.511779962315165
1,0,"[1.45, 118.71, 7.344, 10, 4.42]","[1.49, 58.693, 7.64, 8, 5.35]","[1.49, 58.693, 7.64, 8, 5.35]","[1.77, 195.08, 9.02, 9, 5.64]","[1.77, 195.08, 9.02, 9, 5.64]","[1.49, 58.693, 7.64, 8, 5.35]","[1.77, 195.08, 9.02, 9, 5.64]",-4.2778277141661665
1,0,"[1.45, 118.71, 7.344, 10, 4.42]","[1.49, 58.693, 7.64, 8, 5.35]","[1.49, 58.693, 7.64, 8, 5.35]","[1.77, 195.08, 9.02, 9, 5.64]","[1.77, 195.08, 9.02, 9, 5.64]","[1.49, 58.693, 7.64, 8, 5.35]","[1.49, 58.693, 7.64, 8, 5.35]",-4.272149742074527
1,0,"[1.45, 118.71, 7.344, 10, 4.42]","[1.49, 58.693, 7.64, 8, 5.35]","[1.49, 58.693, 7.64, 8, 5.35]","[1.77, 195.08, 9.02, 9, 5.64]","[1.49, 58.693, 7.64, 8, 5.35]","[1.77, 195.08, 9.02, 9, 5.64]","[1.77, 195.08, 9.02, 9, 5.64]",-4.535458757016398
1,0,"[1.45, 118.71, 7.344, 10, 4.42]","[1.49, 58.693, 7.64, 8, 5.35]","[1.49, 58.693, 7.64, 8, 5.35]","[1.77, 195.08, 9.02, 9, 5.64]","[1.49, 58.693, 7.64, 8, 5.35]","[1.77, 195.08, 9.02, 9, 5.64]","[1.49, 58.693, 7.64, 8, 5.35]",-4.403601051886218
1,0,"[1.45, 118.71, 7.344, 10, 4.42]","[1.49, 58.693, 7.64, 8, 5.35]","[1.49, 58.693, 7.64, 8, 5.35]","[1.49, 58.693, 7.64, 8, 5.35]","[1.49, 58.693, 7.64, 8, 5.35]","[1.49, 58.693, 7.64, 8, 5.35]","[1.77, 195.08, 9.02, 9, 5.64]",-4.3908975314653365
1,0,"[1.45, 118.71, 7.344, 10, 4.42]","[1.49, 58.693, 7.64, 8, 5.35]","[1.49, 58.693, 7.64, 8, 5.35]","[1.49, 58.693, 7.64, 8, 5.35]","[1.49, 58.693, 7.64, 8, 5.35]","[1.49, 58.693, 7.64, 8, 5.35]","[1.49, 58.693, 7.64, 8, 5.35]",-4.167436042019344
1,0,"[1.33, 121.76, 8.64, 10, 4.7]","[1.49, 58.693, 7.64, 8, 5.35]","[1.49, 58.693, 7.64, 8, 5.35]","[1.49, 58.693, 7.64, 8, 5.35]","[1.77, 195.08, 9.02, 9, 5.64]","[1.49, 58.693, 7.64, 8, 5.35]","[1.77, 195.08, 9.02, 9, 5.64]",-4.406030636707606
1,0,"[1.33, 121.76, 8.64, 10, 4.7]","[1.49, 58.693, 7.64, 8, 5.35]","[1.49, 58.693, 7.64, 8, 5.35]","[1.49, 58.693, 7.64, 8, 5.35]","[1.77, 195.08, 9.02, 9, 5.64]","[1.49, 58.693, 7.64, 8, 5.35]","[1.49, 58.693, 7.64, 8, 5.35]",-4.2310125836903705
1,0,"[1.33, 121.76, 8.64, 10, 4.7]","[1.49, 58.693, 7.64, 8, 5.35]","[1.49, 58.693, 7.64, 8, 5.35]","[1.49, 58.693, 7.64, 8, 5.35]","[1.49, 58.693, 7.64, 8, 5.35]","[1.77, 195.08, 9.02, 9, 5.64]","[1.77, 195.08, 9.02, 9, 5.64]",-4.660882399780003
1,0,"[1.33, 121.76, 8.64, 10, 4.7]","[1.49, 58.693, 7.64, 8, 5.35]","[1.49, 58.693, 7.64, 8, 5.35]","[1.49, 58.693, 7.64, 8, 5.35]","[1.49, 58.693, 7.64, 8, 5.35]","[1.77, 195.08, 9.02, 9, 5.64]","[1.49, 58.693, 7.64, 8, 5.35]",-4.394529098560698
1,0,"[1.33, 121.76, 8.64, 10, 4.7]","[1.49, 58.693, 7.64, 8, 5.35]","[1.49, 58.693, 7.64, 8, 5.35]","[1.77, 195.08, 9.02, 9, 5.64]","[1.77, 195.08, 9.02, 9, 5.64]","[1.77, 195.08, 9.02, 9, 5.64]","[1.77, 195.08, 9.02, 9, 5.64]",-4.551652190162901
1,0,"[1.33, 121.76, 8.64, 10, 4.7]","[1.49, 58.693, 7.64, 8, 5.35]","[1.49, 58.693, 7.64, 8, 5.35]","[1.77, 195.08, 9.02, 9, 5.64]","[1.77, 195.08, 9.02, 9, 5.64]","[1.77, 195.08, 9.02, 9, 5.64]","[1.49, 58.693, 7.64, 8, 5.35]",-4.4366128342233475
1,0,"[1.33, 121.76, 8.64, 10, 4.7]","[1.49, 58.693, 7.64, 8, 5.35]","[1.49, 58.693, 7.64, 8, 5.35]","[1.77, 195.08, 9.02, 9, 5.64]","[1.49, 58.693, 7.64, 8, 5.35]","[1.49, 58.693, 7.64, 8, 5.35]","[1.77, 195.08, 9.02, 9, 5.64]",-4.167782663961981
1,0,"[1.33, 121.76, 8.64, 10, 4.7]","[1.49, 58.693, 7.64, 8, 5.35]","[1.49, 58.693, 7.64, 8, 5.35]","[1.77, 195.08, 9.02, 9, 5.64]","[1.49, 58.693, 7.64, 8, 5.35]","[1.49, 58.693, 7.64, 8, 5.35]","[1.49, 58.693, 7.64, 8, 5.35]",-4.100868538273868
1,0,"[1.33, 121.76, 8.64, 10, 4.7]","[1.49, 58.693, 7.64, 8, 5.35]","[1.49, 58.693, 7.64, 8, 5.35]","[1.49, 58.693, 7.64, 8, 5.35]","[1.77, 195.08, 9.02, 9, 5.64]","[1.77, 195.08, 9.02, 9, 5.64]","[1.77, 195.08, 9.02, 9, 5.64]",-4.713460134279657
1,0,"[1.33, 121.76, 8.64, 10, 4.7]","[1.49, 58.693, 7.64, 8, 5.35]","[1.49, 58.693, 7.64, 8, 5.35]","[1.49, 58.693, 7.64, 8, 5.35]","[1.77, 195.08, 9.02, 9, 5.64]","[1.77, 195.08, 9.02, 9, 5.64]","[1.49, 58.693, 7.64, 8, 5.35]",-4.4662642681682385
1,0,"[1.33, 121.76, 8.64, 10, 4.7]","[1.49, 58.693, 7.64, 8, 5.35]","[1.49, 58.693, 7.64, 8, 5.35]","[1.77, 195.08, 9.02, 9, 5.64]","[1.77, 195.08, 9.02, 9, 5.64]","[1.49, 58.693, 7.64, 8, 5.35]","[1.77, 195.08, 9.02, 9, 5.64]",-4.219207725159948
1,0,"[1.33, 121.76, 8.64, 10, 4.7]","[1.49, 58.693, 7.64, 8, 5.35]","[1.49, 58.693, 7.64, 8, 5.35]","[1.77, 195.08, 9.02, 9, 5.64]","[1.77, 195.08, 9.02, 9, 5.64]","[1.49, 58.693, 7.64, 8, 5.35]","[1.49, 58.693, 7.64, 8, 5.35]",-4.213144017987717
1,0,"[1.33, 121.76, 8.64, 10, 4.7]","[1.49, 58.693, 7.64, 8, 5.35]","[1.49, 58.693, 7.64, 8, 5.35]","[1.77, 195.08, 9.02, 9, 5.64]","[1.49, 58.693, 7.64, 8, 5.35]","[1.77, 195.08, 9.02, 9, 5.64]","[1.77, 195.08, 9.02, 9, 5.64]",-4.497487485758639
1,0,"[1.33, 121.76, 8.64, 10, 4.7]","[1.49, 58.693, 7.64, 8, 5.35]","[1.49, 58.693, 7.64, 8, 5.35]","[1.77, 195.08, 9.02, 9, 5.64]","[1.49, 58.693, 7.64, 8, 5.35]","[1.77, 195.08, 9.02, 9, 5.64]","[1.49, 58.693, 7.64, 8, 5.35]",-4.367307155832989
1,0,"[1.33, 121.76, 8.64, 10, 4.7]","[1.49, 58.693, 7.64, 8, 5.35]","[1.49, 58.693, 7.64, 8, 5.35]","[1.49, 58.693, 7.64, 8, 5.35]","[1.49, 58.693, 7.64, 8, 5.35]","[1.49, 58.693, 7.64, 8, 5.35]","[1.77, 195.08, 9.02, 9, 5.64]",-4.340481021676852
1,0,"[1.33, 121.76, 8.64, 10, 4.7]","[1.49, 58.693, 7.64, 8, 5.35]","[1.49, 58.693, 7.64, 8, 5.35]","[1.49, 58.693, 7.64, 8, 5.35]","[1.49, 58.693, 7.64, 8, 5.35]","[1.49, 58.693, 7.64, 8, 5.35]","[1.49, 58.693, 7.64, 8, 5.35]",-4.110568321016036
