group1,group2,1neighbor,2neighbor,3neighbor,4neighbor,5neighbor,6neighbor,7neighbor,target1
1,0,"[1.43, 208.98, 7.29, 10, 4.34]","[1.49, 58.693, 7.64, 8, 5.35]","[1.77, 195.08, 9.02, 9, 5.64]","[1.49, 58.693, 7.64, 8, 5.35]","[1.77, 195.08, 9.02, 9, 5.64]","[1.77, 195.08, 9.02, 9, 5.64]","[1.77, 195.08, 9.02, 9, 5.64]",-4.366431827213917
1,0,"[1.43, 208.98, 7.29, 10, 4.34]","[1.49, 58.693, 7.64, 8, 5.35]","[1.77, 195.08, 9.02, 9, 5.64]","[1.49, 58.693, 7.64, 8, 5.35]","[1.77, 195.08, 9.02, 9, 5.64]","[1.77, 195.08, 9.02, 9, 5.64]","[1.49, 58.693, 7.64, 8, 5.35]",-4.008898564640676
1,0,"[1.43, 208.98, 7.29, 10, 4.34]","[1.49, 58.693, 7.64, 8, 5.35]","[1.77, 195.08, 9.02, 9, 5.64]","[1.49, 58.693, 7.64, 8, 5.35]","[1.77, 195.08, 9.02, 9, 5.64]","[1.49, 58.693, 7.64, 8, 5.35]","[1.77, 195.08, 9.02, 9, 5.64]",-4.052087900291878
1,0,"[1.43, 208.98, 7.29, 10, 4.34]","[1.49, 58.693, 7.64, 8, 5.35]","[1.77, 195.08, 9.02, 9, 5.64]","[1.49, 58.693, 7.64, 8, 5.35]","[1.77, 195.08, 9.02, 9, 5.64]","[1.49, 58.693, 7.64, 8, 5.35]","[1.49, 58.693, 7.64, 8, 5.35]",-3.7645328863732503
1,0,"[1.43, 208.98, 7.29, 10, 4.34]","[1.49, 58.693, 7.64, 8, 5.35]","[1.77, 195.08, 9.02, 9, 5.64]","[1.49, 58.693, 7.64, 8, 5.35]","[1.49, 58.693, 7.64, 8, 5.35]","[1.77, 195.08, 9.02, 9, 5.64]","[1.77, 195.08, 9.02, 9, 5.64]",-4.310451845123584
1,0,"[1.43, 208.98, 7.29, 10, 4.34]","[1.49, 58.693, 7.64, 8, 5.35]","[1.77, 195.08, 9.02, 9, 5.64]","[1.49, 58.693, 7.64, 8, 5.35]","[1.49, 58.693, 7.64, 8, 5.35]","[1.77, 195.08, 9.02, 9, 5.64]","[1.49, 58.693, 7.64, 8, 5.35]",-3.9523958776446277
1,0,"[1.43, 208.98, 7.29, 10, 4.34]","[1.49, 58.693, 7.64, 8, 5.35]","[1.77, 195.08, 9.02, 9, 5.64]","[1.49, 58.693, 7.64, 8, 5.35]","[1.49, 58.693, 7.64, 8, 5.35]","[1.49, 58.693, 7.64, 8, 5.35]","[1.77, 195.08, 9.02, 9, 5.64]",-3.995202469588686
1,0,"[1.43, 208.98, 7.29, 10, 4.34]","[1.49, 58.693, 7.64, 8, 5.35]","[1.77, 195.08, 9.02, 9, 5.64]","[1.49, 58.693, 7.64, 8, 5.35]","[1.49, 58.693, 7.64, 8, 5.35]","[1.49, 58.693, 7.64, 8, 5.35]","[1.49, 58.693, 7.64, 8, 5.35]",-3.670688996321612
1,0,"[1.43, 208.98, 7.29, 10, 4.34]","[1.49, 58.693, 7.64, 8, 5.35]","[1.77, 195.08, 9.02, 9, 5.64]","[1.77, 195.08, 9.02, 9, 5.64]","[1.77, 195.08, 9.02, 9, 5.64]","[1.77, 195.08, 9.02, 9, 5.64]","[1.77, 195.08, 9.02, 9, 5.64]",-4.200143484054309
1,0,"[1.43, 208.98, 7.29, 10, 4.34]","[1.49, 58.693, 7.64, 8, 5.35]","[1.77, 195.08, 9.02, 9, 5.64]","[1.77, 195.08, 9.02, 9, 5.64]","[1.77, 195.08, 9.02, 9, 5.64]","[1.77, 195.08, 9.02, 9, 5.64]","[1.49, 58.693, 7.64, 8, 5.35]",-3.9705693550050425
1,0,"[1.43, 208.98, 7.29, 10, 4.34]","[1.49, 58.693, 7.64, 8, 5.35]","[1.77, 195.08, 9.02, 9, 5.64]","[1.77, 195.08, 9.02, 9, 5.64]","[1.77, 195.08, 9.02, 9, 5.64]","[1.49, 58.693, 7.64, 8, 5.35]","[1.77, 195.08, 9.02, 9, 5.64]",-3.8832445891925937
1,0,"[1.43, 208.98, 7.29, 10, 4.34]","[1.49, 58.693, 7.64, 8, 5.35]","[1.77, 195.08, 9.02, 9, 5.64]","[1.77, 195.08, 9.02, 9, 5.64]","[1.77, 195.08, 9.02, 9, 5.64]","[1.49, 58.693, 7.64, 8, 5.35]","[1.49, 58.693, 7.64, 8, 5.35]",-3.733493722145076
1,0,"[1.43, 208.98, 7.29, 10, 4.34]","[1.49, 58.693, 7.64, 8, 5.35]","[1.77, 195.08, 9.02, 9, 5.64]","[1.77, 195.08, 9.02, 9, 5.64]","[1.49, 58.693, 7.64, 8, 5.35]","[1.77, 195.08, 9.02, 9, 5.64]","[1.77, 195.08, 9.02, 9, 5.64]",-4.145209611662481
1,0,"[1.43, 208.98, 7.29, 10, 4.34]","[1.49, 58.693, 7.64, 8, 5.35]","[1.77, 195.08, 9.02, 9, 5.64]","[1.77, 195.08, 9.02, 9, 5.64]","[1.49, 58.693, 7.64, 8, 5.35]","[1.77, 195.08, 9.02, 9, 5.64]","[1.49, 58.693, 7.64, 8, 5.35]",-3.895515025620642
1,0,"[1.43, 208.98, 7.29, 10, 4.34]","[1.49, 58.693, 7.64, 8, 5.35]","[1.77, 195.08, 9.02, 9, 5.64]","[1.77, 195.08, 9.02, 9, 5.64]","[1.49, 58.693, 7.64, 8, 5.35]","[1.49, 58.693, 7.64, 8, 5.35]","[1.77, 195.08, 9.02, 9, 5.64]",-3.8300215839340437
1,0,"[1.43, 208.98, 7.29, 10, 4.34]","[1.49, 58.693, 7.64, 8, 5.35]","[1.77, 195.08, 9.02, 9, 5.64]","[1.77, 195.08, 9.02, 9, 5.64]","[1.49, 58.693, 7.64, 8, 5.35]","[1.49, 58.693, 7.64, 8, 5.35]","[1.49, 58.693, 7.64, 8, 5.35]",-3.631647532969212
1,0,"[1.45, 118.71, 7.344, 10, 4.42]","[1.49, 58.693, 7.64, 8, 5.35]","[1.77, 195.08, 9.02, 9, 5.64]","[1.49, 58.693, 7.64, 8, 5.35]","[1.77, 195.08, 9.02, 9, 5.64]","[1.77, 195.08, 9.02, 9, 5.64]","[1.77, 195.08, 9.02, 9, 5.64]",-4.3569284716757375
1,0,"[1.45, 118.71, 7.344, 10, 4.42]","[1.49, 58.693, 7.64, 8, 5.35]","[1.77, 195.08, 9.02, 9, 5.64]","[1.49, 58.693, 7.64, 8, 5.35]","[1.77, 195.08, 9.02, 9, 5.64]","[1.77, 195.08, 9.02, 9, 5.64]","[1.49, 58.693, 7.64, 8, 5.35]",-4.085382748279591
1,0,"[1.45, 118.71, 7.344, 10, 4.42]","[1.49, 58.693, 7.64, 8, 5.35]","[1.77, 195.08, 9.02, 9, 5.64]","[1.49, 58.693, 7.64, 8, 5.35]","[1.77, 195.08, 9.02, 9, 5.64]","[1.49, 58.693, 7.64, 8, 5.35]","[1.77, 195.08, 9.02, 9, 5.64]",-4.053237450635649
1,0,"[1.45, 118.71, 7.344, 10, 4.42]","[1.49, 58.693, 7.64, 8, 5.35]","[1.77, 195.08, 9.02, 9, 5.64]","[1.49, 58.693, 7.64, 8, 5.35]","[1.77, 195.08, 9.02, 9, 5.64]","[1.49, 58.693, 7.64, 8, 5.35]","[1.49, 58.693, 7.64, 8, 5.35]",-3.8758653083844146
1,0,"[1.45, 118.71, 7.344, 10, 4.42]","[1.49, 58.693, 7.64, 8, 5.35]","[1.77, 195.08, 9.02, 9, 5.64]","[1.49, 58.693, 7.64, 8, 5.35]","[1.49, 58.693, 7.64, 8, 5.35]","[1.77, 195.08, 9.02, 9, 5.64]","[1.77, 195.08, 9.02, 9, 5.64]",-4.30138610109225
1,0,"[1.45, 118.71, 7.344, 10, 4.42]","[1.49, 58.693, 7.64, 8, 5.35]","[1.77, 195.08, 9.02, 9, 5.64]","[1.49, 58.693, 7.64, 8, 5.35]","[1.49, 58.693, 7.64, 8, 5.35]","[1.77, 195.08, 9.02, 9, 5.64]","[1.49, 58.693, 7.64, 8, 5.35]",-4.009945385967405
1,0,"[1.45, 118.71, 7.344, 10, 4.42]","[1.49, 58.693, 7.64, 8, 5.35]","[1.77, 195.08, 9.02, 9, 5.64]","[1.49, 58.693, 7.64, 8, 5.35]","[1.49, 58.693, 7.64, 8, 5.35]","[1.49, 58.693, 7.64, 8, 5.35]","[1.77, 195.08, 9.02, 9, 5.64]",-3.9857301334246764
1,0,"[1.45, 118.71, 7.344, 10, 4.42]","[1.49, 58.693, 7.64, 8, 5.35]","[1.77, 195.08, 9.02, 9, 5.64]","[1.49, 58.693, 7.64, 8, 5.35]","[1.49, 58.693, 7.64, 8, 5.35]","[1.49, 58.693, 7.64, 8, 5.35]","[1.49, 58.693, 7.64, 8, 5.35]",-3.751696556918018
1,0,"[1.45, 118.71, 7.344, 10, 4.42]","[1.49, 58.693, 7.64, 8, 5.35]","[1.77, 195.08, 9.02, 9, 5.64]","[1.77, 195.08, 9.02, 9, 5.64]","[1.77, 195.08, 9.02, 9, 5.64]","[1.77, 195.08, 9.02, 9, 5.64]","[1.77, 195.08, 9.02, 9, 5.64]",-4.190766783879829
1,0,"[1.45, 118.71, 7.344, 10, 4.42]","[1.49, 58.693, 7.64, 8, 5.35]","[1.77, 195.08, 9.02, 9, 5.64]","[1.77, 195.08, 9.02, 9, 5.64]","[1.77, 195.08, 9.02, 9, 5.64]","[1.77, 195.08, 9.02, 9, 5.64]","[1.49, 58.693, 7.64, 8, 5.35]",-4.064660675661278
1,0,"[1.45, 118.71, 7.344, 10, 4.42]","[1.49, 58.693, 7.64, 8, 5.35]","[1.77, 195.08, 9.02, 9, 5.64]","[1.77, 195.08, 9.02, 9, 5.64]","[1.77, 195.08, 9.02, 9, 5.64]","[1.49, 58.693, 7.64, 8, 5.35]","[1.77, 195.08, 9.02, 9, 5.64]",-3.890731086245522
1,0,"[1.45, 118.71, 7.344, 10, 4.42]","[1.49, 58.693, 7.64, 8, 5.35]","[1.77, 195.08, 9.02, 9, 5.64]","[1.77, 195.08, 9.02, 9, 5.64]","[1.77, 195.08, 9.02, 9, 5.64]","[1.49, 58.693, 7.64, 8, 5.35]","[1.49, 58.693, 7.64, 8, 5.35]",-3.8655554961772336
1,0,"[1.45, 118.71, 7.344, 10, 4.42]","[1.49, 58.693, 7.64, 8, 5.35]","[1.77, 195.08, 9.02, 9, 5.64]","[1.77, 195.08, 9.02, 9, 5.64]","[1.49, 58.693, 7.64, 8, 5.35]","[1.77, 195.08, 9.02, 9, 5.64]","[1.77, 195.08, 9.02, 9, 5.64]",-4.136143867631146
1,0,"[1.45, 118.71, 7.344, 10, 4.42]","[1.49, 58.693, 7.64, 8, 5.35]","[1.77, 195.08, 9.02, 9, 5.64]","[1.77, 195.08, 9.02, 9, 5.64]","[1.49, 58.693, 7.64, 8, 5.35]","[1.77, 195.08, 9.02, 9, 5.64]","[1.49, 58.693, 7.64, 8, 5.35]",-3.9803369533042146
1,0,"[1.45, 118.71, 7.344, 10, 4.42]","[1.49, 58.693, 7.64, 8, 5.35]","[1.77, 195.08, 9.02, 9, 5.64]","[1.77, 195.08, 9.02, 9, 5.64]","[1.49, 58.693, 7.64, 8, 5.35]","[1.49, 58.693, 7.64, 8, 5.35]","[1.77, 195.08, 9.02, 9, 5.64]",-3.820644883759562
1,0,"[1.45, 118.71, 7.344, 10, 4.42]","[1.49, 58.693, 7.64, 8, 5.35]","[1.77, 195.08, 9.02, 9, 5.64]","[1.77, 195.08, 9.02, 9, 5.64]","[1.49, 58.693, 7.64, 8, 5.35]","[1.49, 58.693, 7.64, 8, 5.35]","[1.49, 58.693, 7.64, 8, 5.35]",-3.7481807562420997
1,0,"[1.33, 121.76, 8.64, 10, 4.7]","[1.49, 58.693, 7.64, 8, 5.35]","[1.77, 195.08, 9.02, 9, 5.64]","[1.49, 58.693, 7.64, 8, 5.35]","[1.77, 195.08, 9.02, 9, 5.64]","[1.77, 195.08, 9.02, 9, 5.64]","[1.77, 195.08, 9.02, 9, 5.64]",-4.319247908443277
1,0,"[1.33, 121.76, 8.64, 10, 4.7]","[1.49, 58.693, 7.64, 8, 5.35]","[1.77, 195.08, 9.02, 9, 5.64]","[1.49, 58.693, 7.64, 8, 5.35]","[1.77, 195.08, 9.02, 9, 5.64]","[1.77, 195.08, 9.02, 9, 5.64]","[1.49, 58.693, 7.64, 8, 5.35]",-4.048735778828667
1,0,"[1.33, 121.76, 8.64, 10, 4.7]","[1.49, 58.693, 7.64, 8, 5.35]","[1.77, 195.08, 9.02, 9, 5.64]","[1.49, 58.693, 7.64, 8, 5.35]","[1.77, 195.08, 9.02, 9, 5.64]","[1.49, 58.693, 7.64, 8, 5.35]","[1.77, 195.08, 9.02, 9, 5.64]",-4.002726861732538
1,0,"[1.33, 121.76, 8.64, 10, 4.7]","[1.49, 58.693, 7.64, 8, 5.35]","[1.77, 195.08, 9.02, 9, 5.64]","[1.49, 58.693, 7.64, 8, 5.35]","[1.77, 195.08, 9.02, 9, 5.64]","[1.49, 58.693, 7.64, 8, 5.35]","[1.49, 58.693, 7.64, 8, 5.35]",-3.824159182846083
1,0,"[1.33, 121.76, 8.64, 10, 4.7]","[1.49, 58.693, 7.64, 8, 5.35]","[1.77, 195.08, 9.02, 9, 5.64]","[1.49, 58.693, 7.64, 8, 5.35]","[1.49, 58.693, 7.64, 8, 5.35]","[1.77, 195.08, 9.02, 9, 5.64]","[1.77, 195.08, 9.02, 9, 5.64]",-4.264535869766785
1,0,"[1.33, 121.76, 8.64, 10, 4.7]","[1.49, 58.693, 7.64, 8, 5.35]","[1.77, 195.08, 9.02, 9, 5.64]","[1.49, 58.693, 7.64, 8, 5.35]","[1.49, 58.693, 7.64, 8, 5.35]","[1.77, 195.08, 9.02, 9, 5.64]","[1.49, 58.693, 7.64, 8, 5.35]",-3.9736514899141753
1,0,"[1.33, 121.76, 8.64, 10, 4.7]","[1.49, 58.693, 7.64, 8, 5.35]","[1.77, 195.08, 9.02, 9, 5.64]","[1.49, 58.693, 7.64, 8, 5.35]","[1.49, 58.693, 7.64, 8, 5.35]","[1.49, 58.693, 7.64, 8, 5.35]","[1.77, 195.08, 9.02, 9, 5.64]",-3.950312059123844
1,0,"[1.33, 121.76, 8.64, 10, 4.7]","[1.49, 58.693, 7.64, 8, 5.35]","[1.77, 195.08, 9.02, 9, 5.64]","[1.49, 58.693, 7.64, 8, 5.35]","[1.49, 58.693, 7.64, 8, 5.35]","[1.49, 58.693, 7.64, 8, 5.35]","[1.49, 58.693, 7.64, 8, 5.35]",-3.7104367799745273
1,0,"[1.33, 121.76, 8.64, 10, 4.7]","[1.49, 58.693, 7.64, 8, 5.35]","[1.77, 195.08, 9.02, 9, 5.64]","[1.77, 195.08, 9.02, 9, 5.64]","[1.77, 195.08, 9.02, 9, 5.64]","[1.77, 195.08, 9.02, 9, 5.64]","[1.77, 195.08, 9.02, 9, 5.64]",-4.15296398067901
1,0,"[1.33, 121.76, 8.64, 10, 4.7]","[1.49, 58.693, 7.64, 8, 5.35]","[1.77, 195.08, 9.02, 9, 5.64]","[1.77, 195.08, 9.02, 9, 5.64]","[1.77, 195.08, 9.02, 9, 5.64]","[1.77, 195.08, 9.02, 9, 5.64]","[1.49, 58.693, 7.64, 8, 5.35]",-4.0299461237621355
1,0,"[1.33, 121.76, 8.64, 10, 4.7]","[1.49, 58.693, 7.64, 8, 5.35]","[1.77, 195.08, 9.02, 9, 5.64]","[1.77, 195.08, 9.02, 9, 5.64]","[1.77, 195.08, 9.02, 9, 5.64]","[1.49, 58.693, 7.64, 8, 5.35]","[1.77, 195.08, 9.02, 9, 5.64]",-3.849385745693198
1,0,"[1.33, 121.76, 8.64, 10, 4.7]","[1.49, 58.693, 7.64, 8, 5.35]","[1.77, 195.08, 9.02, 9, 5.64]","[1.77, 195.08, 9.02, 9, 5.64]","[1.77, 195.08, 9.02, 9, 5.64]","[1.49, 58.693, 7.64, 8, 5.35]","[1.49, 58.693, 7.64, 8, 5.35]",-3.8095987012002857
1,0,"[1.33, 121.76, 8.64, 10, 4.7]","[1.49, 58.693, 7.64, 8, 5.35]","[1.77, 195.08, 9.02, 9, 5.64]","[1.77, 195.08, 9.02, 9, 5.64]","[1.49, 58.693, 7.64, 8, 5.35]","[1.77, 195.08, 9.02, 9, 5.64]","[1.77, 195.08, 9.02, 9, 5.64]",-4.098410100636252
1,0,"[1.33, 121.76, 8.64, 10, 4.7]","[1.49, 58.693, 7.64, 8, 5.35]","[1.77, 195.08, 9.02, 9, 5.64]","[1.77, 195.08, 9.02, 9, 5.64]","[1.49, 58.693, 7.64, 8, 5.35]","[1.77, 195.08, 9.02, 9, 5.64]","[1.49, 58.693, 7.64, 8, 5.35]",-3.944043057250985
1,0,"[1.33, 121.76, 8.64, 10, 4.7]","[1.49, 58.693, 7.64, 8, 5.35]","[1.77, 195.08, 9.02, 9, 5.64]","[1.77, 195.08, 9.02, 9, 5.64]","[1.49, 58.693, 7.64, 8, 5.35]","[1.49, 58.693, 7.64, 8, 5.35]","[1.77, 195.08, 9.02, 9, 5.64]",-3.777370516779059
1,0,"[1.33, 121.76, 8.64, 10, 4.7]","[1.49, 58.693, 7.64, 8, 5.35]","[1.77, 195.08, 9.02, 9, 5.64]","[1.77, 195.08, 9.02, 9, 5.64]","[1.49, 58.693, 7.64, 8, 5.35]","[1.49, 58.693, 7.64, 8, 5.35]","[1.49, 58.693, 7.64, 8, 5.35]",-3.7118603422691034
1,0,"[1.43, 208.98, 7.29, 10, 4.34]","[1.77, 195.08, 9.02, 9, 5.64]","[1.49, 58.693, 7.64, 8, 5.35]","[1.49, 58.693, 7.64, 8, 5.35]","[1.77, 195.08, 9.02, 9, 5.64]","[1.77, 195.08, 9.02, 9, 5.64]","[1.77, 195.08, 9.02, 9, 5.64]",-4.497523280966425
1,0,"[1.43, 208.98, 7.29, 10, 4.34]","[1.77, 195.08, 9.02, 9, 5.64]","[1.49, 58.693, 7.64, 8, 5.35]","[1.49, 58.693, 7.64, 8, 5.35]","[1.77, 195.08, 9.02, 9, 5.64]","[1.77, 195.08, 9.02, 9, 5.64]","[1.49, 58.693, 7.64, 8, 5.35]",-4.152643398421003
1,0,"[1.43, 208.98, 7.29, 10, 4.34]","[1.77, 195.08, 9.02, 9, 5.64]","[1.49, 58.693, 7.64, 8, 5.35]","[1.49, 58.693, 7.64, 8, 5.35]","[1.77, 195.08, 9.02, 9, 5.64]","[1.49, 58.693, 7.64, 8, 5.35]","[1.77, 195.08, 9.02, 9, 5.64]",-4.245557999356275
1,0,"[1.43, 208.98, 7.29, 10, 4.34]","[1.77, 195.08, 9.02, 9, 5.64]","[1.49, 58.693, 7.64, 8, 5.35]","[1.49, 58.693, 7.64, 8, 5.35]","[1.77, 195.08, 9.02, 9, 5.64]","[1.49, 58.693, 7.64, 8, 5.35]","[1.49, 58.693, 7.64, 8, 5.35]",-3.9663007466235527
1,0,"[1.43, 208.98, 7.29, 10, 4.34]","[1.77, 195.08, 9.02, 9, 5.64]","[1.49, 58.693, 7.64, 8, 5.35]","[1.49, 58.693, 7.64, 8, 5.35]","[1.49, 58.693, 7.64, 8, 5.35]","[1.77, 195.08, 9.02, 9, 5.64]","[1.77, 195.08, 9.02, 9, 5.64]",-4.423254970320116
1,0,"[1.43, 208.98, 7.29, 10, 4.34]","[1.77, 195.08, 9.02, 9, 5.64]","[1.49, 58.693, 7.64, 8, 5.35]","[1.49, 58.693, 7.64, 8, 5.35]","[1.49, 58.693, 7.64, 8, 5.35]","[1.77, 195.08, 9.02, 9, 5.64]","[1.49, 58.693, 7.64, 8, 5.35]",-4.080244050695456
1,0,"[1.43, 208.98, 7.29, 10, 4.34]","[1.77, 195.08, 9.02, 9, 5.64]","[1.49, 58.693, 7.64, 8, 5.35]","[1.49, 58.693, 7.64, 8, 5.35]","[1.49, 58.693, 7.64, 8, 5.35]","[1.49, 58.693, 7.64, 8, 5.35]","[1.77, 195.08, 9.02, 9, 5.64]",-4.140186759762251
1,0,"[1.43, 208.98, 7.29, 10, 4.34]","[1.77, 195.08, 9.02, 9, 5.64]","[1.49, 58.693, 7.64, 8, 5.35]","[1.49, 58.693, 7.64, 8, 5.35]","[1.49, 58.693, 7.64, 8, 5.35]","[1.49, 58.693, 7.64, 8, 5.35]","[1.49, 58.693, 7.64, 8, 5.35]",-3.833904441383967
1,0,"[1.43, 208.98, 7.29, 10, 4.34]","[1.77, 195.08, 9.02, 9, 5.64]","[1.49, 58.693, 7.64, 8, 5.35]","[1.77, 195.08, 9.02, 9, 5.64]","[1.77, 195.08, 9.02, 9, 5.64]","[1.77, 195.08, 9.02, 9, 5.64]","[1.77, 195.08, 9.02, 9, 5.64]",-4.320633365558954
1,0,"[1.43, 208.98, 7.29, 10, 4.34]","[1.77, 195.08, 9.02, 9, 5.64]","[1.49, 58.693, 7.64, 8, 5.35]","[1.77, 195.08, 9.02, 9, 5.64]","[1.77, 195.08, 9.02, 9, 5.64]","[1.77, 195.08, 9.02, 9, 5.64]","[1.49, 58.693, 7.64, 8, 5.35]",-4.101273525005936
1,0,"[1.43, 208.98, 7.29, 10, 4.34]","[1.77, 195.08, 9.02, 9, 5.64]","[1.49, 58.693, 7.64, 8, 5.35]","[1.77, 195.08, 9.02, 9, 5.64]","[1.77, 195.08, 9.02, 9, 5.64]","[1.49, 58.693, 7.64, 8, 5.35]","[1.77, 195.08, 9.02, 9, 5.64]",-4.058263495044337
1,0,"[1.43, 208.98, 7.29, 10, 4.34]","[1.77, 195.08, 9.02, 9, 5.64]","[1.49, 58.693, 7.64, 8, 5.35]","[1.77, 195.08, 9.02, 9, 5.64]","[1.77, 195.08, 9.02, 9, 5.64]","[1.49, 58.693, 7.64, 8, 5.35]","[1.49, 58.693, 7.64, 8, 5.35]",-3.9257064657773917
1,0,"[1.43, 208.98, 7.29, 10, 4.34]","[1.77, 195.08, 9.02, 9, 5.64]","[1.49, 58.693, 7.64, 8, 5.35]","[1.77, 195.08, 9.02, 9, 5.64]","[1.49, 58.693, 7.64, 8, 5.35]","[1.77, 195.08, 9.02, 9, 5.64]","[1.77, 195.08, 9.02, 9, 5.64]",-4.246314211537405
1,0,"[1.43, 208.98, 7.29, 10, 4.34]","[1.77, 195.08, 9.02, 9, 5.64]","[1.49, 58.693, 7.64, 8, 5.35]","[1.77, 195.08, 9.02, 9, 5.64]","[1.49, 58.693, 7.64, 8, 5.35]","[1.77, 195.08, 9.02, 9, 5.64]","[1.49, 58.693, 7.64, 8, 5.35]",-4.01024737111433
1,0,"[1.43, 208.98, 7.29, 10, 4.34]","[1.77, 195.08, 9.02, 9, 5.64]","[1.49, 58.693, 7.64, 8, 5.35]","[1.77, 195.08, 9.02, 9, 5.64]","[1.49, 58.693, 7.64, 8, 5.35]","[1.49, 58.693, 7.64, 8, 5.35]","[1.77, 195.08, 9.02, 9, 5.64]",-3.957846715405302
1,0,"[1.43, 208.98, 7.29, 10, 4.34]","[1.77, 195.08, 9.02, 9, 5.64]","[1.49, 58.693, 7.64, 8, 5.35]","[1.77, 195.08, 9.02, 9, 5.64]","[1.49, 58.693, 7.64, 8, 5.35]","[1.49, 58.693, 7.64, 8, 5.35]","[1.49, 58.693, 7.64, 8, 5.35]",-3.7746012339763766
1,0,"[1.45, 118.71, 7.344, 10, 4.42]","[1.77, 195.08, 9.02, 9, 5.64]","[1.49, 58.693, 7.64, 8, 5.35]","[1.49, 58.693, 7.64, 8, 5.35]","[1.77, 195.08, 9.02, 9, 5.64]","[1.77, 195.08, 9.02, 9, 5.64]","[1.77, 195.08, 9.02, 9, 5.64]",-4.506986773135308
1,0,"[1.45, 118.71, 7.344, 10, 4.42]","[1.77, 195.08, 9.02, 9, 5.64]","[1.49, 58.693, 7.64, 8, 5.35]","[1.49, 58.693, 7.64, 8, 5.35]","[1.77, 195.08, 9.02, 9, 5.64]","[1.77, 195.08, 9.02, 9, 5.64]","[1.49, 58.693, 7.64, 8, 5.35]",-4.246880704436172
1,0,"[1.45, 118.71, 7.344, 10, 4.42]","[1.77, 195.08, 9.02, 9, 5.64]","[1.49, 58.693, 7.64, 8, 5.35]","[1.49, 58.693, 7.64, 8, 5.35]","[1.77, 195.08, 9.02, 9, 5.64]","[1.49, 58.693, 7.64, 8, 5.35]","[1.77, 195.08, 9.02, 9, 5.64]",-4.255906942576064
1,0,"[1.45, 118.71, 7.344, 10, 4.42]","[1.77, 195.08, 9.02, 9, 5.64]","[1.49, 58.693, 7.64, 8, 5.35]","[1.49, 58.693, 7.64, 8, 5.35]","[1.77, 195.08, 9.02, 9, 5.64]","[1.49, 58.693, 7.64, 8, 5.35]","[1.49, 58.693, 7.64, 8, 5.35]",-4.076566640056971
1,0,"[1.45, 118.71, 7.344, 10, 4.42]","[1.77, 195.08, 9.02, 9, 5.64]","[1.49, 58.693, 7.64, 8, 5.35]","[1.49, 58.693, 7.64, 8, 5.35]","[1.49, 58.693, 7.64, 8, 5.35]","[1.77, 195.08, 9.02, 9, 5.64]","[1.77, 195.08, 9.02, 9, 5.64]",-4.433195736984012
1,0,"[1.45, 118.71, 7.344, 10, 4.42]","[1.77, 195.08, 9.02, 9, 5.64]","[1.49, 58.693, 7.64, 8, 5.35]","[1.49, 58.693, 7.64, 8, 5.35]","[1.49, 58.693, 7.64, 8, 5.35]","[1.77, 195.08, 9.02, 9, 5.64]","[1.49, 58.693, 7.64, 8, 5.35]",-4.155099133036215
1,0,"[1.45, 118.71, 7.344, 10, 4.42]","[1.77, 195.08, 9.02, 9, 5.64]","[1.49, 58.693, 7.64, 8, 5.35]","[1.49, 58.693, 7.64, 8, 5.35]","[1.49, 58.693, 7.64, 8, 5.35]","[1.49, 58.693, 7.64, 8, 5.35]","[1.77, 195.08, 9.02, 9, 5.64]",-4.149927354033456
1,0,"[1.45, 118.71, 7.344, 10, 4.42]","[1.77, 195.08, 9.02, 9, 5.64]","[1.49, 58.693, 7.64, 8, 5.35]","[1.49, 58.693, 7.64, 8, 5.35]","[1.49, 58.693, 7.64, 8, 5.35]","[1.49, 58.693, 7.64, 8, 5.35]","[1.49, 58.693, 7.64, 8, 5.35]",-3.924522676423706
1,0,"[1.45, 118.71, 7.344, 10, 4.42]","[1.77, 195.08, 9.02, 9, 5.64]","[1.49, 58.693, 7.64, 8, 5.35]","[1.77, 195.08, 9.02, 9, 5.64]","[1.77, 195.08, 9.02, 9, 5.64]","[1.77, 195.08, 9.02, 9, 5.64]","[1.77, 195.08, 9.02, 9, 5.64]",-4.329517422475965
1,0,"[1.45, 118.71, 7.344, 10, 4.42]","[1.77, 195.08, 9.02, 9, 5.64]","[1.49, 58.693, 7.64, 8, 5.35]","[1.77, 195.08, 9.02, 9, 5.64]","[1.77, 195.08, 9.02, 9, 5.64]","[1.77, 195.08, 9.02, 9, 5.64]","[1.49, 58.693, 7.64, 8, 5.35]",-4.215843037607968
1,0,"[1.45, 118.71, 7.344, 10, 4.42]","[1.77, 195.08, 9.02, 9, 5.64]","[1.49, 58.693, 7.64, 8, 5.35]","[1.77, 195.08, 9.02, 9, 5.64]","[1.77, 195.08, 9.02, 9, 5.64]","[1.49, 58.693, 7.64, 8, 5.35]","[1.77, 195.08, 9.02, 9, 5.64]",-4.088850134077271
1,0,"[1.45, 118.71, 7.344, 10, 4.42]","[1.77, 195.08, 9.02, 9, 5.64]","[1.49, 58.693, 7.64, 8, 5.35]","[1.77, 195.08, 9.02, 9, 5.64]","[1.77, 195.08, 9.02, 9, 5.64]","[1.49, 58.693, 7.64, 8, 5.35]","[1.49, 58.693, 7.64, 8, 5.35]",-4.0608732977510105
1,0,"[1.45, 118.71, 7.344, 10, 4.42]","[1.77, 195.08, 9.02, 9, 5.64]","[1.49, 58.693, 7.64, 8, 5.35]","[1.77, 195.08, 9.02, 9, 5.64]","[1.49, 58.693, 7.64, 8, 5.35]","[1.77, 195.08, 9.02, 9, 5.64]","[1.77, 195.08, 9.02, 9, 5.64]",-4.2554542101810195
1,0,"[1.45, 118.71, 7.344, 10, 4.42]","[1.77, 195.08, 9.02, 9, 5.64]","[1.49, 58.693, 7.64, 8, 5.35]","[1.77, 195.08, 9.02, 9, 5.64]","[1.49, 58.693, 7.64, 8, 5.35]","[1.77, 195.08, 9.02, 9, 5.64]","[1.49, 58.693, 7.64, 8, 5.35]",-4.114137105222683
1,0,"[1.45, 118.71, 7.344, 10, 4.42]","[1.77, 195.08, 9.02, 9, 5.64]","[1.49, 58.693, 7.64, 8, 5.35]","[1.77, 195.08, 9.02, 9, 5.64]","[1.49, 58.693, 7.64, 8, 5.35]","[1.49, 58.693, 7.64, 8, 5.35]","[1.77, 195.08, 9.02, 9, 5.64]",-3.967460582055712
1,0,"[1.45, 118.71, 7.344, 10, 4.42]","[1.77, 195.08, 9.02, 9, 5.64]","[1.49, 58.693, 7.64, 8, 5.35]","[1.77, 195.08, 9.02, 9, 5.64]","[1.49, 58.693, 7.64, 8, 5.35]","[1.49, 58.693, 7.64, 8, 5.35]","[1.49, 58.693, 7.64, 8, 5.35]",-3.9116056413086553
1,0,"[1.33, 121.76, 8.64, 10, 4.7]","[1.77, 195.08, 9.02, 9, 5.64]","[1.49, 58.693, 7.64, 8, 5.35]","[1.49, 58.693, 7.64, 8, 5.35]","[1.77, 195.08, 9.02, 9, 5.64]","[1.77, 195.08, 9.02, 9, 5.64]","[1.77, 195.08, 9.02, 9, 5.64]",-4.451363204406668
1,0,"[1.33, 121.76, 8.64, 10, 4.7]","[1.77, 195.08, 9.02, 9, 5.64]","[1.49, 58.693, 7.64, 8, 5.35]","[1.49, 58.693, 7.64, 8, 5.35]","[1.77, 195.08, 9.02, 9, 5.64]","[1.77, 195.08, 9.02, 9, 5.64]","[1.49, 58.693, 7.64, 8, 5.35]",-4.190125812539273
1,0,"[1.33, 121.76, 8.64, 10, 4.7]","[1.77, 195.08, 9.02, 9, 5.64]","[1.49, 58.693, 7.64, 8, 5.35]","[1.49, 58.693, 7.64, 8, 5.35]","[1.77, 195.08, 9.02, 9, 5.64]","[1.49, 58.693, 7.64, 8, 5.35]","[1.77, 195.08, 9.02, 9, 5.64]",-4.196093330960618
1,0,"[1.33, 121.76, 8.64, 10, 4.7]","[1.77, 195.08, 9.02, 9, 5.64]","[1.49, 58.693, 7.64, 8, 5.35]","[1.49, 58.693, 7.64, 8, 5.35]","[1.77, 195.08, 9.02, 9, 5.64]","[1.49, 58.693, 7.64, 8, 5.35]","[1.49, 58.693, 7.64, 8, 5.35]",-4.02311831003501
1,0,"[1.33, 121.76, 8.64, 10, 4.7]","[1.77, 195.08, 9.02, 9, 5.64]","[1.49, 58.693, 7.64, 8, 5.35]","[1.49, 58.693, 7.64, 8, 5.35]","[1.49, 58.693, 7.64, 8, 5.35]","[1.77, 195.08, 9.02, 9, 5.64]","[1.77, 195.08, 9.02, 9, 5.64]",-4.379225206277364
1,0,"[1.33, 121.76, 8.64, 10, 4.7]","[1.77, 195.08, 9.02, 9, 5.64]","[1.49, 58.693, 7.64, 8, 5.35]","[1.49, 58.693, 7.64, 8, 5.35]","[1.49, 58.693, 7.64, 8, 5.35]","[1.77, 195.08, 9.02, 9, 5.64]","[1.49, 58.693, 7.64, 8, 5.35]",-4.101432993617781
1,0,"[1.33, 121.76, 8.64, 10, 4.7]","[1.77, 195.08, 9.02, 9, 5.64]","[1.49, 58.693, 7.64, 8, 5.35]","[1.49, 58.693, 7.64, 8, 5.35]","[1.49, 58.693, 7.64, 8, 5.35]","[1.49, 58.693, 7.64, 8, 5.35]","[1.77, 195.08, 9.02, 9, 5.64]",-4.094296923202783
1,0,"[1.33, 121.76, 8.64, 10, 4.7]","[1.77, 195.08, 9.02, 9, 5.64]","[1.49, 58.693, 7.64, 8, 5.35]","[1.49, 58.693, 7.64, 8, 5.35]","[1.49, 58.693, 7.64, 8, 5.35]","[1.49, 58.693, 7.64, 8, 5.35]","[1.49, 58.693, 7.64, 8, 5.35]",-3.871937386349423
1,0,"[1.33, 121.76, 8.64, 10, 4.7]","[1.77, 195.08, 9.02, 9, 5.64]","[1.49, 58.693, 7.64, 8, 5.35]","[1.77, 195.08, 9.02, 9, 5.64]","[1.77, 195.08, 9.02, 9, 5.64]","[1.77, 195.08, 9.02, 9, 5.64]","[1.77, 195.08, 9.02, 9, 5.64]",-4.2752460657897196
1,0,"[1.33, 121.76, 8.64, 10, 4.7]","[1.77, 195.08, 9.02, 9, 5.64]","[1.49, 58.693, 7.64, 8, 5.35]","[1.77, 195.08, 9.02, 9, 5.64]","[1.77, 195.08, 9.02, 9, 5.64]","[1.77, 195.08, 9.02, 9, 5.64]","[1.49, 58.693, 7.64, 8, 5.35]",-4.164545321100112
1,0,"[1.33, 121.76, 8.64, 10, 4.7]","[1.77, 195.08, 9.02, 9, 5.64]","[1.49, 58.693, 7.64, 8, 5.35]","[1.77, 195.08, 9.02, 9, 5.64]","[1.77, 195.08, 9.02, 9, 5.64]","[1.49, 58.693, 7.64, 8, 5.35]","[1.77, 195.08, 9.02, 9, 5.64]",-4.027271144169541
1,0,"[1.33, 121.76, 8.64, 10, 4.7]","[1.77, 195.08, 9.02, 9, 5.64]","[1.49, 58.693, 7.64, 8, 5.35]","[1.77, 195.08, 9.02, 9, 5.64]","[1.77, 195.08, 9.02, 9, 5.64]","[1.49, 58.693, 7.64, 8, 5.35]","[1.49, 58.693, 7.64, 8, 5.35]",-4.002221823165266
1,0,"[1.33, 121.76, 8.64, 10, 4.7]","[1.77, 195.08, 9.02, 9, 5.64]","[1.49, 58.693, 7.64, 8, 5.35]","[1.77, 195.08, 9.02, 9, 5.64]","[1.49, 58.693, 7.64, 8, 5.35]","[1.77, 195.08, 9.02, 9, 5.64]","[1.77, 195.08, 9.02, 9, 5.64]",-4.2014066197615225
1,0,"[1.33, 121.76, 8.64, 10, 4.7]","[1.77, 195.08, 9.02, 9, 5.64]","[1.49, 58.693, 7.64, 8, 5.35]","[1.77, 195.08, 9.02, 9, 5.64]","[1.49, 58.693, 7.64, 8, 5.35]","[1.77, 195.08, 9.02, 9, 5.64]","[1.49, 58.693, 7.64, 8, 5.35]",-4.060348689319964
1,0,"[1.33, 121.76, 8.64, 10, 4.7]","[1.77, 195.08, 9.02, 9, 5.64]","[1.49, 58.693, 7.64, 8, 5.35]","[1.77, 195.08, 9.02, 9, 5.64]","[1.49, 58.693, 7.64, 8, 5.35]","[1.49, 58.693, 7.64, 8, 5.35]","[1.77, 195.08, 9.02, 9, 5.64]",-3.9059844358586533
1,0,"[1.33, 121.76, 8.64, 10, 4.7]","[1.77, 195.08, 9.02, 9, 5.64]","[1.49, 58.693, 7.64, 8, 5.35]","[1.77, 195.08, 9.02, 9, 5.64]","[1.49, 58.693, 7.64, 8, 5.35]","[1.49, 58.693, 7.64, 8, 5.35]","[1.49, 58.693, 7.64, 8, 5.35]",-3.855009102224839
